868
12
2 5 6 7 8 9 10 11 12 13 14 15 
12
1 2 3 4 5 6 7 9 10 11 13 14 
12
1 2 3 4 5 6 7 8 10 12 13 14 
12
1 3 4 6 7 8 9 11 12 13 14 15 
13
2 3 4 5 6 7 8 9 10 11 12 13 15 
12
1 2 5 6 7 8 9 10 12 13 14 15 
12
1 2 3 4 5 6 7 10 12 13 14 15 
12
1 2 5 7 8 9 10 11 12 13 14 15 
13
1 2 3 4 6 7 8 9 10 12 13 14 15 
12
1 2 3 4 6 7 8 9 11 13 14 15 
12
2 3 4 6 7 9 10 11 12 13 14 15 
12
1 3 4 6 7 8 9 10 11 12 13 15 
12
1 2 3 4 5 7 8 9 11 12 13 14 
12
1 2 3 4 5 6 7 9 10 11 13 15 
12
1 2 3 4 6 8 9 10 11 12 14 15 
12
1 2 3 5 6 8 9 11 12 13 14 15 
12
1 3 4 5 6 8 9 10 11 12 13 15 
12
1 2 3 4 6 7 8 10 11 12 13 14 
12
2 5 6 7 8 9 10 11 12 13 14 15 
12
1 2 3 4 5 6 7 8 9 10 13 15 
12
1 2 3 4 5 6 10 11 12 13 14 15 
12
1 2 3 4 5 6 7 10 11 12 13 14 
13
1 3 4 5 6 7 8 9 11 12 13 14 15 
12
1 3 4 5 6 7 8 9 11 12 13 14 
12
1 2 4 6 7 8 9 10 12 13 14 15 
12
3 4 5 6 7 9 10 11 12 13 14 15 
12
1 2 3 5 7 9 10 11 12 13 14 15 
12
1 2 3 5 6 7 8 10 11 12 13 15 
12
1 2 3 4 6 7 8 9 11 12 13 15 
12
2 3 5 6 7 9 10 11 12 13 14 15 
12
2 3 4 6 8 9 10 11 12 13 14 15 
13
1 2 3 5 6 7 8 9 10 11 12 13 15 
13
1 2 4 5 7 8 9 10 11 12 13 14 15 
12
1 2 4 6 7 9 10 11 12 13 14 15 
13
1 2 3 4 5 6 8 9 10 12 13 14 15 
12
1 2 3 4 5 6 7 9 10 11 12 15 
12
1 2 3 5 6 8 9 10 11 12 14 15 
13
1 2 3 4 5 6 7 8 9 10 11 12 15 
13
3 4 5 6 7 8 9 10 11 12 13 14 15 
12
1 2 3 5 6 7 8 9 11 12 13 14 
12
1 3 4 5 6 7 8 9 10 11 12 14 
12
1 2 4 5 7 8 9 10 12 13 14 15 
12
1 2 4 5 6 7 8 9 10 13 14 15 
12
1 3 4 5 7 8 9 11 12 13 14 15 
12
2 3 4 5 6 8 9 10 12 13 14 15 
12
1 2 3 4 5 6 7 8 10 11 12 14 
13
1 2 3 4 5 7 8 9 10 12 13 14 15 
12
2 3 5 6 7 8 9 11 12 13 14 15 
13
1 2 4 5 6 7 9 10 11 12 13 14 15 
13
1 2 5 6 7 8 9 10 11 12 13 14 15 
12
1 2 3 4 5 6 7 8 9 12 14 15 
12
1 2 3 5 6 7 8 9 10 11 13 14 
12
3 4 5 6 7 8 9 11 12 13 14 15 
12
1 2 3 4 5 6 8 9 10 13 14 15 
14
1 2 3 4 5 6 8 9 10 11 12 13 14 15 
12
1 3 4 5 6 7 9 10 11 12 13 15 
12
2 4 5 6 7 9 10 11 12 13 14 15 
12
1 2 3 4 5 6 7 9 10 11 12 14 
12
1 2 3 5 8 9 10 11 12 13 14 15 
13
1 2 3 4 5 6 7 8 9 10 11 13 15 
12
1 2 3 4 5 6 7 9 10 12 14 15 
12
2 3 5 6 7 8 9 10 11 12 13 14 
13
1 2 3 4 5 6 8 9 10 11 13 14 15 
12
1 3 4 5 7 8 9 10 11 12 13 15 
12
1 2 3 4 6 7 8 9 10 11 12 14 
12
1 2 3 4 6 7 9 10 12 13 14 15 
12
1 3 5 6 7 9 10 11 12 13 14 15 
13
1 2 3 4 5 6 7 8 10 11 12 13 14 
12
1 2 4 6 7 8 10 11 12 13 14 15 
12
2 4 5 7 8 9 10 11 12 13 14 15 
12
1 2 3 4 5 6 7 8 9 10 11 15 
13
1 3 4 5 6 7 9 10 11 12 13 14 15 
12
1 2 3 4 5 7 8 9 10 12 14 15 
12
1 2 4 5 6 7 8 9 10 11 13 14 
12
1 2 3 4 6 7 8 9 10 12 14 15 
13
1 3 4 5 6 7 8 9 10 11 12 13 14 
12
1 2 3 6 7 8 9 10 11 13 14 15 
12
1 2 3 4 5 6 7 8 10 11 12 13 
12
1 2 4 6 7 8 9 11 12 13 14 15 
12
1 2 3 6 7 8 10 11 12 13 14 15 
12
2 3 4 6 7 8 9 10 12 13 14 15 
12
1 2 3 5 8 9 10 11 12 13 14 15 
12
1 2 3 4 5 6 7 9 12 13 14 15 
12
1 2 3 4 5 6 7 8 12 13 14 15 
12
1 2 3 4 5 7 8 9 11 12 13 14 
13
1 2 3 4 5 6 9 10 11 12 13 14 15 
12
1 2 4 5 6 7 9 10 11 12 14 15 
12
1 2 3 4 6 7 8 9 10 11 12 15 
12
2 4 5 6 7 8 9 10 11 12 13 14 
12
1 2 4 5 6 7 9 11 12 13 14 15 
12
1 3 5 7 8 9 10 11 12 13 14 15 
12
1 3 4 5 6 7 8 10 11 13 14 15 
12
1 2 3 4 5 7 8 9 10 11 14 15 
12
1 2 3 4 5 7 9 11 12 13 14 15 
12
1 2 4 5 6 7 8 9 12 13 14 15 
13
1 2 5 6 7 8 9 10 11 12 13 14 15 
12
2 4 6 7 8 9 10 11 12 13 14 15 
12
1 2 4 5 6 7 9 10 11 12 13 15 
12
1 3 4 5 6 7 9 11 12 13 14 15 
12
1 3 4 5 7 9 10 11 12 13 14 15 
12
1 3 4 5 6 7 8 9 12 13 14 15 
12
1 2 3 4 6 8 10 11 12 13 14 15 
13
1 2 3 4 5 6 7 9 10 11 12 14 15 
12
2 3 4 6 7 8 9 10 11 12 13 15 
12
1 2 3 4 6 7 8 9 11 12 13 15 
12
2 3 4 5 6 7 9 10 11 12 13 15 
12
1 4 5 6 7 8 9 10 11 12 13 14 
13
1 2 3 5 6 7 9 10 11 12 13 14 15 
14
1 2 3 4 5 6 7 8 10 11 12 13 14 15 
12
1 3 5 7 8 9 10 11 12 13 14 15 
12
1 2 3 4 5 7 8 9 10 12 13 14 
12
1 2 3 4 5 6 8 9 10 11 13 15 
12
1 2 3 4 5 8 9 10 11 12 14 15 
12
2 3 4 5 6 8 9 10 12 13 14 15 
12
1 3 4 5 6 7 8 9 11 12 13 14 
12
1 2 4 6 7 8 9 10 11 12 13 15 
13
1 2 3 4 5 7 8 9 10 11 12 14 15 
12
1 2 3 4 5 7 8 9 10 11 12 14 
12
1 3 4 5 6 8 10 11 12 13 14 15 
12
3 4 5 6 7 8 9 10 12 13 14 15 
13
1 3 5 6 7 8 9 10 11 12 13 14 15 
12
1 3 4 5 6 7 8 9 11 13 14 15 
12
1 3 4 5 7 8 9 10 11 13 14 15 
12
1 2 3 4 5 6 8 9 10 11 13 14 
12
1 2 3 4 6 7 8 9 10 12 13 15 
12
1 3 4 5 6 7 8 9 11 12 13 14 
13
1 2 3 4 5 6 7 8 9 10 12 14 15 
12
1 2 3 4 5 6 7 9 11 12 13 14 
13
1 2 3 4 5 6 7 8 11 12 13 14 15 
12
1 3 4 5 6 7 10 11 12 13 14 15 
12
2 3 5 6 7 8 9 11 12 13 14 15 
12
1 2 3 4 5 6 10 11 12 13 14 15 
13
1 2 3 4 5 6 7 8 9 10 12 14 15 
12
1 2 3 4 6 8 9 10 11 12 13 15 
12
1 2 3 4 6 7 8 10 11 13 14 15 
12
1 3 4 5 7 8 10 11 12 13 14 15 
12
1 3 4 5 6 7 8 10 11 12 13 15 
12
1 3 4 6 7 8 9 10 11 12 14 15 
12
1 2 3 5 6 7 8 11 12 13 14 15 
12
2 3 4 5 7 8 9 10 11 12 13 15 
12
1 2 4 5 6 7 8 9 11 12 13 14 
13
1 2 3 4 6 7 8 9 10 11 12 13 15 
12
1 2 3 5 6 8 9 11 12 13 14 15 
12
1 2 3 4 5 7 9 10 11 12 13 14 
12
1 2 3 4 5 6 7 9 10 11 14 15 
13
1 2 3 4 6 7 8 9 10 12 13 14 15 
12
1 2 3 6 7 8 9 10 12 13 14 15 
12
1 2 4 5 6 8 9 10 11 12 13 14 
12
1 3 4 5 6 7 9 10 12 13 14 15 
12
1 2 3 4 5 6 8 9 10 11 12 15 
12
1 3 4 5 6 8 9 10 11 12 13 15 
12
2 3 4 5 8 9 10 11 12 13 14 15 
12
1 2 3 4 6 7 9 10 11 13 14 15 
12
1 2 3 4 5 6 7 11 12 13 14 15 
12
1 2 3 5 7 8 9 10 11 13 14 15 
12
2 3 4 5 6 7 8 9 10 13 14 15 
12
1 2 3 4 5 7 8 9 11 13 14 15 
12
1 2 3 4 6 7 8 9 12 13 14 15 
12
1 2 3 4 6 7 8 9 10 13 14 15 
12
2 3 4 6 7 8 9 10 11 12 13 15 
12
1 3 4 6 7 8 9 10 11 12 13 15 
12
1 3 5 6 7 8 9 10 12 13 14 15 
12
2 3 6 7 8 9 10 11 12 13 14 15 
12
3 4 5 6 7 8 9 10 11 13 14 15 
12
1 2 4 5 6 7 10 11 12 13 14 15 
12
1 2 4 5 7 8 10 11 12 13 14 15 
12
1 2 3 4 5 7 8 9 11 12 13 15 
12
2 3 4 7 8 9 10 11 12 13 14 15 
13
1 2 3 5 6 7 8 9 11 12 13 14 15 
12
1 2 3 4 6 8 9 10 12 13 14 15 
12
1 2 3 4 5 7 8 9 10 11 14 15 
12
1 3 4 5 6 8 10 11 12 13 14 15 
12
1 2 4 5 6 7 8 11 12 13 14 15 
13
1 2 3 4 5 6 8 9 10 11 12 14 15 
12
1 2 3 4 5 6 7 8 9 10 12 15 
12
2 3 4 6 7 8 9 10 11 13 14 15 
12
1 2 3 4 5 6 7 8 9 12 13 15 
12
1 2 3 4 5 9 10 11 12 13 14 15 
13
2 3 4 5 7 8 9 10 11 12 13 14 15 
12
1 3 4 6 7 8 9 10 12 13 14 15 
12
1 2 3 4 5 8 9 10 11 12 13 15 
12
2 4 5 6 7 8 9 10 11 13 14 15 
12
2 3 4 5 6 7 8 9 10 11 13 14 
12
1 2 3 4 5 6 9 10 11 12 14 15 
12
1 2 3 4 5 6 7 8 9 10 11 15 
12
1 2 3 5 6 8 9 10 11 12 14 15 
12
1 3 5 6 7 8 9 10 12 13 14 15 
12
2 4 5 6 7 8 9 10 12 13 14 15 
12
3 4 5 6 7 8 9 10 11 12 13 14 
12
2 3 4 5 6 8 9 10 11 13 14 15 
12
1 2 4 5 6 7 8 9 11 12 13 14 
13
1 2 3 5 6 7 9 10 11 12 13 14 15 
12
1 3 4 5 6 8 9 10 11 12 14 15 
12
2 3 4 6 7 9 10 11 12 13 14 15 
12
1 2 3 4 5 7 8 9 10 11 13 15 
12
1 2 3 4 5 7 8 9 10 11 13 15 
12
1 2 3 4 5 6 7 8 10 11 14 15 
12
1 2 3 6 7 8 9 10 12 13 14 15 
14
2 3 4 5 6 7 8 9 10 11 12 13 14 15 
13
1 2 3 4 5 6 7 8 9 11 12 13 14 
13
1 2 4 5 7 8 9 10 11 12 13 14 15 
13
1 2 3 4 5 6 7 8 9 10 12 13 14 
12
1 2 3 4 6 8 10 11 12 13 14 15 
12
2 3 4 5 7 8 9 10 11 12 13 15 
12
1 2 3 4 5 6 8 10 11 13 14 15 
13
2 3 4 5 6 8 9 10 11 12 13 14 15 
13
1 2 3 4 5 7 8 9 10 11 12 14 15 
12
1 2 3 4 5 6 7 8 9 10 13 15 
12
1 2 3 4 6 7 8 9 10 12 14 15 
12
1 2 3 4 6 7 8 10 11 12 13 15 
12
1 2 4 5 6 8 9 10 11 12 13 15 
12
1 2 4 5 6 7 8 10 11 13 14 15 
12
2 4 5 6 7 8 9 10 11 12 14 15 
12
1 2 3 6 7 8 9 10 11 13 14 15 
12
1 4 5 6 7 9 10 11 12 13 14 15 
13
1 2 5 6 7 8 9 10 11 12 13 14 15 
13
1 2 3 5 6 7 9 10 11 12 13 14 15 
12
1 2 3 5 6 7 8 9 10 11 14 15 
12
1 2 3 4 5 6 8 9 10 11 13 14 
12
1 3 4 5 6 7 9 10 11 12 14 15 
13
1 2 5 6 7 8 9 10 11 12 13 14 15 
12
1 2 3 4 5 6 7 8 10 12 13 15 
12
2 3 4 5 6 7 8 9 10 12 14 15 
12
1 3 4 5 6 7 8 9 10 13 14 15 
12
1 2 3 4 5 6 7 9 10 11 12 14 
12
1 2 6 7 8 9 10 11 12 13 14 15 
12
1 2 3 4 6 7 8 9 10 11 14 15 
12
1 2 3 4 5 6 8 10 11 13 14 15 
12
2 3 4 6 7 8 9 10 11 12 14 15 
12
1 2 3 4 5 6 7 9 10 11 12 13 
12
1 2 3 4 6 8 10 11 12 13 14 15 
13
1 3 4 5 6 7 9 10 11 12 13 14 15 
13
1 2 3 5 6 7 8 9 10 11 12 13 15 
12
1 2 4 5 6 7 8 9 10 11 12 14 
12
2 4 5 6 7 8 9 11 12 13 14 15 
12
1 2 3 5 6 7 8 9 10 12 14 15 
12
1 2 3 4 5 7 10 11 12 13 14 15 
13
1 2 3 4 5 7 8 9 10 12 13 14 15 
12
1 2 3 4 5 6 8 10 11 12 13 14 
12
1 2 3 4 5 6 8 9 11 12 13 15 
12
1 2 3 5 6 7 8 10 11 12 14 15 
12
1 3 4 6 8 9 10 11 12 13 14 15 
12
2 3 4 5 6 7 8 10 11 12 13 15 
12
1 2 5 6 7 8 9 10 11 12 14 15 
12
1 2 3 5 6 7 8 10 12 13 14 15 
12
2 4 5 6 7 9 10 11 12 13 14 15 
12
1 2 4 5 6 7 8 9 10 11 14 15 
12
1 2 3 4 5 7 9 10 11 12 13 14 
14
1 2 3 5 6 7 8 9 10 11 12 13 14 15 
12
1 2 4 5 6 7 8 9 10 13 14 15 
13
1 2 3 4 5 6 7 8 9 10 12 13 15 
12
1 2 3 6 7 8 9 10 11 12 13 15 
12
2 3 4 6 7 8 9 10 11 13 14 15 
12
1 2 3 5 7 9 10 11 12 13 14 15 
12
1 2 3 4 5 6 7 8 9 12 13 14 
13
1 2 3 4 5 6 7 8 10 11 13 14 15 
14
1 2 3 4 5 6 7 8 9 10 11 13 14 15 
12
2 4 5 6 7 8 10 11 12 13 14 15 
12
1 2 3 4 5 6 7 9 10 11 13 15 
12
1 2 4 5 6 8 9 10 11 12 14 15 
12
1 3 5 6 7 8 10 11 12 13 14 15 
12
1 2 3 4 6 7 8 9 11 12 13 15 
12
1 2 3 4 5 6 9 10 11 12 13 14 
13
1 2 3 4 5 6 7 9 10 11 12 13 15 
12
1 3 4 5 6 7 9 10 12 13 14 15 
14
1 2 3 4 5 6 7 8 10 11 12 13 14 15 
12
1 3 4 5 7 8 10 11 12 13 14 15 
12
1 3 4 5 6 7 9 10 11 12 13 15 
12
3 4 5 6 8 9 10 11 12 13 14 15 
12
1 3 4 5 6 9 10 11 12 13 14 15 
12
2 3 4 5 6 7 8 10 11 12 13 15 
12
1 2 4 5 6 7 8 9 11 12 13 14 
12
1 2 4 6 7 8 9 10 11 12 13 14 
12
1 2 4 5 6 7 8 9 10 11 13 14 
12
1 2 3 5 6 8 9 10 11 13 14 15 
12
1 2 3 4 5 6 7 8 9 11 14 15 
12
1 2 3 4 7 8 9 10 11 13 14 15 
12
1 2 3 5 6 7 9 10 11 12 13 14 
12
1 2 3 4 6 7 9 11 12 13 14 15 
12
1 2 3 4 5 6 7 8 9 10 12 13 
12
1 2 3 4 6 7 8 9 10 11 14 15 
13
1 2 3 4 6 7 8 9 11 12 13 14 15 
12
1 2 3 4 5 7 8 9 11 12 14 15 
12
1 2 3 4 5 6 7 9 10 11 12 15 
12
1 2 3 4 5 7 8 9 10 11 12 14 
12
1 2 3 4 5 7 9 10 12 13 14 15 
12
1 3 4 5 7 8 9 10 11 13 14 15 
12
2 3 5 6 8 9 10 11 12 13 14 15 
12
1 2 3 5 6 7 9 10 11 13 14 15 
12
1 2 3 5 6 7 8 10 11 12 13 14 
12
2 3 4 5 6 8 9 10 11 12 13 15 
12
1 2 3 5 6 7 8 11 12 13 14 15 
13
1 2 3 4 6 7 8 9 10 11 13 14 15 
12
1 3 6 7 8 9 10 11 12 13 14 15 
12
1 2 5 6 7 8 9 11 12 13 14 15 
12
1 2 3 4 5 6 7 8 11 12 14 15 
12
1 2 3 5 6 8 9 10 11 12 14 15 
12
1 2 4 7 8 9 10 11 12 13 14 15 
12
1 2 3 4 5 7 9 10 11 13 14 15 
12
1 2 3 6 7 8 9 10 11 12 13 15 
12
1 2 3 4 5 6 7 8 10 11 12 13 
12
1 2 4 5 6 8 9 10 12 13 14 15 
12
1 2 3 4 5 6 7 8 9 12 14 15 
13
1 2 3 4 5 6 7 9 10 11 12 14 15 
12
1 2 4 6 7 8 9 10 11 12 14 15 
12
2 3 4 5 6 7 8 9 10 11 14 15 
12
1 2 3 4 5 6 7 8 9 11 12 15 
12
1 2 3 4 5 6 9 10 11 12 14 15 
13
1 2 3 4 5 6 7 8 9 11 12 14 15 
13
1 2 3 5 6 7 9 10 11 12 13 14 15 
13
1 2 4 5 6 7 8 10 11 12 13 14 15 
13
1 2 4 5 7 8 9 10 11 12 13 14 15 
12
1 2 3 4 5 7 8 9 10 12 14 15 
12
1 2 3 5 6 8 9 10 11 13 14 15 
12
1 2 3 4 5 6 7 8 11 12 14 15 
12
1 2 5 6 7 8 9 10 12 13 14 15 
12
2 4 5 6 7 8 9 10 11 12 13 14 
13
1 2 3 4 6 8 9 10 11 12 13 14 15 
12
1 2 3 4 6 7 8 9 11 12 13 14 
12
3 4 5 6 7 9 10 11 12 13 14 15 
12
1 2 3 4 5 6 7 9 10 11 12 13 
12
1 2 4 5 6 7 8 9 10 12 13 15 
12
1 2 4 5 6 7 8 11 12 13 14 15 
13
2 3 4 5 6 7 8 10 11 12 13 14 15 
12
1 2 3 5 6 7 8 9 10 12 13 14 
12
1 2 4 5 7 8 9 10 11 12 13 15 
12
1 2 4 5 6 8 10 11 12 13 14 15 
12
1 3 4 5 7 9 10 11 12 13 14 15 
12
1 2 3 5 6 7 8 10 11 12 13 14 
13
1 2 4 6 7 8 9 10 11 12 13 14 15 
13
1 3 4 5 7 8 9 10 11 12 13 14 15 
13
1 3 4 5 6 7 8 9 10 11 13 14 15 
13
1 2 3 4 6 7 8 10 11 12 13 14 15 
12
1 2 3 4 5 6 7 8 11 13 14 15 
13
1 2 4 5 6 7 8 10 11 12 13 14 15 
13
1 3 4 5 6 7 8 9 11 12 13 14 15 
12
1 4 5 6 7 8 9 11 12 13 14 15 
13
1 2 3 4 5 6 7 9 10 11 12 13 15 
12
1 2 4 6 7 8 10 11 12 13 14 15 
12
1 2 4 5 6 7 8 9 10 11 13 14 
12
1 3 6 7 8 9 10 11 12 13 14 15 
12
2 3 4 5 7 8 9 10 11 12 13 14 
12
1 2 3 4 6 7 9 10 11 12 14 15 
12
1 4 5 6 7 9 10 11 12 13 14 15 
12
2 3 4 5 6 7 8 9 10 12 13 15 
12
1 2 3 4 5 7 8 10 12 13 14 15 
14
1 2 4 5 6 7 8 9 10 11 12 13 14 15 
12
1 3 4 5 6 7 8 11 12 13 14 15 
12
1 2 3 4 6 7 8 9 11 12 14 15 
12
1 2 3 4 6 7 8 10 11 12 14 15 
13
1 2 3 4 5 6 7 8 9 12 13 14 15 
12
1 2 3 4 7 8 9 11 12 13 14 15 
12
2 3 5 6 7 8 9 10 12 13 14 15 
13
1 2 3 4 5 6 7 8 9 11 13 14 15 
12
1 2 3 4 5 6 7 8 11 13 14 15 
13
1 2 3 4 5 7 8 9 10 11 12 13 15 
13
1 2 4 5 6 7 9 10 11 12 13 14 15 
12
1 2 3 6 7 8 9 10 12 13 14 15 
12
1 2 4 5 6 7 8 10 11 12 13 15 
14
1 2 3 4 5 6 7 8 9 10 11 13 14 15 
13
1 2 3 4 5 6 7 8 10 11 13 14 15 
12
1 2 3 4 5 7 8 9 10 12 13 14 
12
1 2 3 4 5 6 8 9 10 12 13 14 
12
1 2 3 4 6 7 9 10 11 12 13 15 
12
1 3 4 5 7 8 10 11 12 13 14 15 
12
1 2 3 4 5 6 7 9 10 11 13 14 
12
1 3 4 5 7 8 10 11 12 13 14 15 
12
1 2 3 4 5 6 7 9 10 12 13 15 
12
1 2 3 4 6 7 9 10 11 12 13 14 
12
2 3 4 5 6 7 8 9 10 12 13 14 
13
1 2 3 4 5 6 7 9 11 12 13 14 15 
12
1 2 4 5 6 7 8 9 10 11 13 14 
13
1 2 3 4 5 6 7 8 9 11 12 14 15 
12
1 3 4 5 6 7 8 9 11 12 13 15 
12
1 3 4 5 7 8 9 10 11 12 14 15 
12
1 2 3 4 6 8 9 10 11 13 14 15 
12
1 2 4 5 7 8 9 10 11 12 14 15 
13
1 2 3 4 5 6 7 8 10 11 12 13 15 
13
1 2 4 6 7 8 9 10 11 12 13 14 15 
12
1 3 4 5 6 7 9 10 11 12 13 14 
12
2 3 6 7 8 9 10 11 12 13 14 15 
12
2 3 4 5 6 7 8 9 10 11 12 13 
12
1 3 4 5 6 7 8 9 10 11 14 15 
12
3 4 5 6 7 8 10 11 12 13 14 15 
12
1 3 4 5 6 7 8 9 10 11 13 14 
13
2 3 4 5 6 7 8 9 10 11 12 13 15 
12
1 2 4 5 8 9 10 11 12 13 14 15 
12
2 3 4 5 6 8 9 10 11 13 14 15 
13
2 3 4 5 6 7 9 10 11 12 13 14 15 
12
1 2 3 4 5 6 7 8 10 11 13 15 
13
1 2 3 4 5 8 9 10 11 12 13 14 15 
12
1 2 4 5 6 7 9 11 12 13 14 15 
12
1 2 4 5 7 8 9 10 11 12 13 15 
12
1 2 3 4 6 7 8 10 12 13 14 15 
12
2 3 4 5 7 8 9 10 12 13 14 15 
12
1 2 3 4 5 6 9 10 11 13 14 15 
12
1 2 3 4 5 6 7 8 9 11 13 15 
12
2 3 4 5 6 7 8 10 12 13 14 15 
12
2 3 5 6 8 9 10 11 12 13 14 15 
12
1 2 4 6 7 8 9 11 12 13 14 15 
12
2 3 4 6 7 8 9 10 11 12 13 14 
13
2 3 4 5 7 8 9 10 11 12 13 14 15 
13
1 2 3 4 5 6 7 8 9 10 12 13 15 
13
1 2 3 4 5 6 7 8 9 11 12 14 15 
13
1 3 4 5 6 7 8 9 10 12 13 14 15 
12
1 2 4 5 6 7 8 10 11 12 14 15 
12
1 2 3 4 5 8 9 10 12 13 14 15 
12
2 3 4 5 6 7 8 9 12 13 14 15 
12
1 2 3 6 7 8 9 10 11 12 13 14 
12
1 2 3 4 5 6 8 9 11 13 14 15 
12
3 4 5 6 7 8 9 10 11 13 14 15 
12
1 2 3 4 6 8 9 10 11 12 13 15 
12
1 2 3 4 6 7 8 10 11 12 14 15 
12
1 2 3 4 5 6 7 9 10 11 12 15 
12
1 2 3 4 5 6 7 10 12 13 14 15 
13
1 2 3 4 5 7 9 10 11 12 13 14 15 
12
1 2 3 4 5 6 7 8 10 11 12 13 
12
2 3 4 5 7 8 9 10 11 13 14 15 
12
2 3 4 5 6 7 8 9 10 12 14 15 
12
1 2 3 4 5 6 7 8 9 12 14 15 
12
3 4 5 6 7 8 10 11 12 13 14 15 
13
1 2 3 4 5 6 7 8 10 11 12 13 15 
13
2 3 5 6 7 8 9 10 11 12 13 14 15 
12
1 2 3 4 5 6 7 10 12 13 14 15 
13
1 2 4 5 6 7 9 10 11 12 13 14 15 
12
1 2 3 4 6 7 9 10 11 12 13 15 
12
3 4 5 6 7 8 9 10 11 12 13 15 
12
1 2 5 7 8 9 10 11 12 13 14 15 
12
2 3 4 5 6 7 8 10 11 13 14 15 
12
1 2 3 4 5 6 7 8 9 11 12 13 
12
1 2 3 4 6 7 8 9 10 12 14 15 
12
1 2 3 4 5 6 7 8 9 10 11 12 
12
1 2 3 4 5 6 7 8 9 12 13 15 
12
2 3 5 6 8 9 10 11 12 13 14 15 
12
1 2 3 4 5 6 7 9 11 13 14 15 
13
2 3 4 5 6 7 9 10 11 12 13 14 15 
13
1 2 3 4 5 6 7 8 10 11 12 14 15 
12
1 2 3 4 5 6 7 10 11 13 14 15 
12
1 3 4 5 7 8 9 10 11 12 13 14 
12
1 3 5 6 7 8 9 10 11 12 14 15 
14
1 2 3 4 5 6 7 8 10 11 12 13 14 15 
12
1 3 4 5 6 8 9 10 11 12 14 15 
13
1 2 3 4 5 6 7 8 9 11 12 13 14 
12
1 2 3 4 5 6 8 9 10 11 12 15 
12
1 2 4 5 7 8 9 10 11 12 13 15 
12
1 2 3 4 5 6 7 8 9 10 11 15 
12
1 3 4 5 6 8 9 10 12 13 14 15 
13
2 3 4 5 6 7 8 10 11 12 13 14 15 
13
1 2 3 4 5 6 7 8 10 11 12 13 15 
12
1 4 5 7 8 9 10 11 12 13 14 15 
12
1 2 4 5 6 7 8 9 10 11 12 14 
12
1 2 3 4 5 6 7 8 10 11 12 13 
12
1 2 3 4 5 6 7 9 10 11 14 15 
12
1 2 3 4 7 8 9 10 11 12 13 14 
12
1 2 3 5 7 8 10 11 12 13 14 15 
12
1 2 3 4 6 7 8 9 10 11 13 15 
13
1 2 3 4 5 6 7 8 9 10 11 12 15 
12
2 3 5 6 8 9 10 11 12 13 14 15 
12
2 3 4 5 6 7 8 9 12 13 14 15 
13
1 2 3 4 5 6 7 8 9 10 12 13 15 
12
1 2 3 4 6 7 8 9 10 12 14 15 
12
2 3 4 5 6 8 9 10 11 13 14 15 
12
1 2 3 4 6 7 8 9 10 11 14 15 
13
1 2 3 4 5 6 7 8 9 10 11 14 15 
12
2 3 4 5 6 7 9 10 11 12 13 14 
12
1 2 3 4 6 7 8 10 11 12 14 15 
12
1 2 3 4 6 7 8 10 12 13 14 15 
13
1 2 3 4 5 6 7 8 9 10 11 12 14 
12
1 2 3 4 5 7 9 10 12 13 14 15 
12
2 4 5 6 7 8 9 10 11 12 13 14 
12
1 2 3 4 5 6 8 9 10 11 12 15 
13
1 2 3 5 6 7 8 9 10 12 13 14 15 
12
1 2 3 4 5 6 7 8 9 10 11 12 
12
1 2 4 5 6 7 8 10 11 12 14 15 
12
1 2 3 4 5 6 8 10 11 12 13 14 
12
1 2 3 5 7 8 9 10 12 13 14 15 
12
1 2 3 4 5 6 7 8 9 10 11 12 
12
1 2 3 5 6 7 8 9 11 12 13 15 
12
1 2 3 4 7 8 9 10 12 13 14 15 
13
1 2 3 5 6 8 9 10 11 12 13 14 15 
12
1 2 4 5 6 7 8 9 10 11 13 14 
12
1 3 4 5 6 7 9 10 12 13 14 15 
12
1 2 3 4 5 7 8 9 12 13 14 15 
12
1 2 3 4 5 6 7 8 9 10 11 13 
12
1 2 3 5 7 8 9 10 11 12 13 15 
12
1 2 3 4 6 7 8 9 10 11 12 14 
12
2 3 4 5 6 7 8 10 11 13 14 15 
12
1 2 3 5 6 7 10 11 12 13 14 15 
12
1 2 3 5 6 7 8 9 11 12 13 14 
12
1 2 4 6 7 8 9 10 11 12 13 15 
12
1 2 3 4 5 8 9 10 11 13 14 15 
12
1 2 4 5 6 7 8 9 10 12 13 15 
12
2 3 4 5 6 7 9 11 12 13 14 15 
13
1 2 3 4 6 7 8 9 10 11 12 13 14 
12
1 3 5 6 7 8 9 10 11 12 14 15 
12
1 2 3 4 5 6 8 9 10 12 14 15 
12
1 2 3 4 6 7 9 10 11 12 14 15 
12
1 2 3 4 5 7 8 9 12 13 14 15 
13
1 2 3 5 6 7 9 10 11 12 13 14 15 
13
1 2 3 6 7 8 9 10 11 12 13 14 15 
13
1 2 3 4 6 7 8 9 10 11 12 13 14 
12
1 3 4 5 6 8 9 10 11 12 13 15 
12
2 3 5 6 7 8 9 10 11 12 13 15 
12
1 2 3 4 6 7 8 10 11 13 14 15 
12
1 3 4 6 7 8 9 10 11 12 13 15 
12
1 2 3 7 8 9 10 11 12 13 14 15 
12
1 2 3 4 5 7 8 9 10 12 14 15 
13
1 2 4 5 6 7 8 9 10 11 12 13 15 
12
2 3 5 6 7 8 9 10 11 13 14 15 
13
1 2 3 4 5 7 8 9 11 12 13 14 15 
13
1 2 3 4 5 7 8 9 10 11 12 13 14 
12
2 3 4 5 6 8 10 11 12 13 14 15 
13
1 2 3 4 6 7 8 9 10 12 13 14 15 
13
1 2 3 4 6 7 8 9 10 11 12 13 14 
12
1 3 5 6 7 8 9 10 11 13 14 15 
12
1 2 3 4 5 6 7 8 9 10 11 14 
12
1 3 4 5 6 8 9 11 12 13 14 15 
12
1 2 3 7 8 9 10 11 12 13 14 15 
12
1 2 3 5 6 7 9 10 11 12 13 14 
12
2 4 5 7 8 9 10 11 12 13 14 15 
12
1 2 3 4 6 7 8 9 10 11 12 14 
12
2 3 4 5 7 8 9 10 11 13 14 15 
12
3 4 5 6 7 8 9 10 11 12 13 15 
12
2 3 4 7 8 9 10 11 12 13 14 15 
12
1 2 3 4 5 6 7 9 10 11 14 15 
12
1 3 4 5 6 7 9 10 11 13 14 15 
12
2 3 4 5 6 7 8 9 11 12 14 15 
13
2 3 4 6 7 8 9 10 11 12 13 14 15 
12
1 2 3 5 6 7 8 9 10 11 14 15 
13
1 3 4 5 6 7 8 10 11 12 13 14 15 
12
1 2 3 4 6 7 8 9 10 11 12 15 
12
1 2 3 4 5 6 7 8 9 13 14 15 
12
1 2 3 4 5 6 7 8 9 10 12 13 
13
1 2 3 4 5 6 7 8 10 11 12 13 14 
12
1 2 3 4 5 6 7 8 11 13 14 15 
12
1 2 3 4 5 7 8 10 12 13 14 15 
12
1 2 3 4 5 7 8 10 11 12 13 15 
12
1 3 4 5 7 8 9 10 12 13 14 15 
12
1 2 3 4 5 8 9 11 12 13 14 15 
13
1 2 3 4 5 6 8 9 10 11 12 14 15 
13
1 2 3 4 6 7 8 10 11 12 13 14 15 
12
1 3 6 7 8 9 10 11 12 13 14 15 
14
1 2 3 4 5 6 7 8 9 10 11 12 13 14 
12
1 2 3 4 5 6 8 10 11 12 13 15 
12
1 2 3 5 7 8 9 10 11 13 14 15 
13
1 2 3 4 5 6 8 10 11 12 13 14 15 
12
1 2 3 4 5 6 7 8 9 13 14 15 
12
4 5 6 7 8 9 10 11 12 13 14 15 
12
1 3 4 5 6 7 8 9 10 11 12 13 
12
1 2 3 4 5 7 8 9 10 11 12 13 
12
1 2 3 4 5 6 8 9 11 12 13 14 
12
1 2 4 5 6 7 9 10 11 12 13 14 
12
1 3 4 6 7 8 9 10 12 13 14 15 
12
1 3 4 5 6 7 8 9 12 13 14 15 
12
1 2 4 6 7 8 9 11 12 13 14 15 
13
1 2 5 6 7 8 9 10 11 12 13 14 15 
12
1 3 4 5 7 8 10 11 12 13 14 15 
13
1 2 3 4 5 6 7 9 11 12 13 14 15 
12
2 3 4 5 6 8 9 10 11 13 14 15 
12
1 2 3 5 6 7 9 10 12 13 14 15 
12
2 3 4 5 6 7 8 9 10 11 12 14 
12
2 3 4 6 7 8 9 10 11 13 14 15 
12
1 2 3 4 5 6 7 8 9 13 14 15 
13
2 3 4 5 6 7 8 9 10 11 12 14 15 
12
1 2 3 4 5 6 7 9 10 12 14 15 
12
1 2 4 5 6 7 8 9 10 12 14 15 
13
1 2 3 4 5 7 8 10 11 12 13 14 15 
13
2 3 4 6 7 8 9 10 11 12 13 14 15 
13
1 2 3 4 6 7 8 10 11 12 13 14 15 
12
1 2 3 4 6 7 8 10 11 12 14 15 
12
1 2 3 5 6 7 8 9 10 12 14 15 
13
1 2 3 4 5 7 8 9 10 11 12 13 15 
12
1 2 3 4 5 6 7 8 10 11 12 13 
12
1 3 4 5 6 7 8 9 10 12 13 14 
12
1 2 3 5 6 7 9 10 12 13 14 15 
12
1 2 4 5 7 8 9 10 11 12 14 15 
12
2 3 4 5 8 9 10 11 12 13 14 15 
12
2 4 5 6 7 8 9 11 12 13 14 15 
12
1 2 3 5 6 8 9 10 12 13 14 15 
12
1 2 3 4 5 7 9 10 11 13 14 15 
12
2 3 4 5 6 9 10 11 12 13 14 15 
12
1 3 4 5 6 8 9 10 11 12 14 15 
12
1 2 3 4 6 7 8 9 11 12 14 15 
12
1 2 3 5 6 8 9 10 11 12 14 15 
12
1 3 4 5 7 9 10 11 12 13 14 15 
12
1 2 4 5 6 7 8 9 10 11 12 15 
12
1 2 3 4 5 6 8 9 10 11 12 15 
12
1 2 3 4 6 9 10 11 12 13 14 15 
13
1 2 3 4 6 7 8 9 10 11 12 13 14 
12
2 4 5 6 8 9 10 11 12 13 14 15 
12
1 2 3 5 6 7 8 10 11 12 14 15 
12
2 3 4 5 6 7 8 10 11 12 13 15 
12
1 2 5 6 7 9 10 11 12 13 14 15 
12
1 3 4 5 6 8 9 10 11 12 13 14 
12
1 2 3 4 6 7 9 10 11 12 13 15 
12
1 2 3 4 5 7 8 9 10 11 13 14 
13
1 2 3 4 5 6 7 8 9 10 12 13 14 
12
1 3 4 5 6 8 9 10 11 12 14 15 
13
1 3 4 5 6 7 8 9 10 12 13 14 15 
13
1 3 4 5 6 7 8 9 10 11 13 14 15 
12
2 5 6 7 8 9 10 11 12 13 14 15 
14
1 2 3 4 5 6 7 8 9 10 11 12 13 14 
12
1 3 4 6 7 8 9 10 11 12 13 15 
12
1 3 4 5 6 7 10 11 12 13 14 15 
12
1 3 5 7 8 9 10 11 12 13 14 15 
12
1 2 3 4 6 7 9 10 12 13 14 15 
14
1 2 3 4 5 6 7 8 9 10 11 12 13 15 
12
2 3 4 5 7 8 10 11 12 13 14 15 
12
1 3 4 5 6 7 8 9 10 11 13 14 
12
1 2 4 5 6 8 9 10 11 12 13 14 
12
1 2 3 4 6 7 10 11 12 13 14 15 
12
1 3 4 5 7 9 10 11 12 13 14 15 
12
1 3 4 5 6 7 8 9 10 11 12 15 
12
1 2 3 4 5 7 8 9 10 11 12 14 
13
1 2 3 4 7 8 9 10 11 12 13 14 15 
12
1 2 4 5 6 7 8 9 11 13 14 15 
12
2 3 5 6 7 8 9 11 12 13 14 15 
12
1 3 4 5 6 7 8 10 11 12 14 15 
12
2 3 4 5 6 7 9 10 11 12 13 14 
12
1 2 3 6 7 8 9 10 11 12 13 15 
14
1 2 3 4 5 6 7 8 10 11 12 13 14 15 
12
1 2 3 4 5 6 7 9 10 11 13 15 
13
1 2 3 4 5 6 7 8 9 10 12 14 15 
12
2 3 4 5 7 8 10 11 12 13 14 15 
12
1 2 5 6 7 9 10 11 12 13 14 15 
12
2 4 5 6 7 8 9 10 11 13 14 15 
13
1 2 3 5 6 8 9 10 11 12 13 14 15 
14
1 2 3 4 5 6 7 8 9 10 12 13 14 15 
12
1 2 4 5 7 8 10 11 12 13 14 15 
12
1 3 5 6 7 8 9 10 11 13 14 15 
12
1 4 5 6 7 8 9 11 12 13 14 15 
12
1 3 4 5 6 7 8 9 10 11 12 14 
12
1 2 3 4 5 7 9 10 11 13 14 15 
12
1 2 3 4 5 6 7 9 10 11 13 14 
13
1 2 3 4 5 6 7 8 10 11 12 13 15 
12
1 2 3 4 5 6 7 9 10 12 13 14 
12
1 2 3 5 6 7 9 10 11 12 13 14 
12
1 2 3 4 5 6 7 8 9 11 13 14 
12
1 2 3 4 7 8 9 10 11 12 13 15 
12
1 2 4 6 7 8 9 10 11 12 14 15 
12
1 3 4 5 6 7 8 9 11 12 13 14 
12
2 3 4 5 6 7 8 9 11 13 14 15 
13
2 3 4 5 6 7 8 9 10 11 13 14 15 
12
1 2 3 4 5 6 7 10 11 12 13 14 
12
1 2 4 5 6 7 8 10 11 12 13 14 
13
1 2 3 4 5 6 7 9 10 11 12 14 15 
12
1 2 3 4 5 6 8 9 10 11 12 15 
12
1 2 3 4 6 9 10 11 12 13 14 15 
12
1 2 3 5 6 7 8 9 12 13 14 15 
12
1 3 5 7 8 9 10 11 12 13 14 15 
12
2 3 4 5 6 7 10 11 12 13 14 15 
12
1 2 3 4 5 6 7 10 11 12 14 15 
12
1 2 3 4 5 7 8 9 11 13 14 15 
12
2 3 4 6 7 8 9 10 11 13 14 15 
12
2 3 4 6 7 8 9 10 11 13 14 15 
12
1 2 3 4 5 6 9 11 12 13 14 15 
12
1 2 3 4 5 6 7 10 11 12 14 15 
12
1 2 3 4 5 6 7 10 11 12 14 15 
13
1 2 3 4 5 7 8 9 10 11 12 13 15 
12
1 2 3 4 5 7 8 9 10 12 14 15 
12
1 2 3 5 7 8 10 11 12 13 14 15 
12
1 2 3 6 7 8 9 10 11 12 13 14 
12
1 3 4 5 7 8 9 10 11 12 13 14 
12
3 4 5 6 7 9 10 11 12 13 14 15 
12
1 2 3 4 5 6 7 8 9 10 11 14 
12
2 4 5 6 7 8 9 10 12 13 14 15 
12
1 3 4 5 6 8 9 10 11 12 14 15 
12
1 2 3 5 6 7 8 9 11 12 13 14 
12
1 2 3 4 5 6 7 8 10 12 13 15 
12
2 3 4 5 6 7 8 9 10 11 12 15 
12
2 4 5 6 7 8 10 11 12 13 14 15 
12
3 4 5 6 8 9 10 11 12 13 14 15 
12
1 2 3 4 5 6 8 9 11 13 14 15 
12
1 2 3 4 5 6 8 11 12 13 14 15 
12
1 2 4 5 6 7 8 11 12 13 14 15 
12
2 3 4 5 6 7 8 9 11 13 14 15 
12
1 2 3 4 6 7 8 9 10 11 12 13 
12
1 2 3 4 5 6 7 10 11 12 13 14 
12
1 2 3 4 6 7 8 11 12 13 14 15 
12
1 2 3 4 5 7 8 9 11 12 14 15 
12
1 3 4 5 7 8 10 11 12 13 14 15 
13
1 2 3 4 5 6 7 8 9 11 13 14 15 
12
1 2 4 6 7 9 10 11 12 13 14 15 
12
1 2 3 4 6 7 8 10 11 12 13 14 
13
1 2 3 4 5 6 8 9 10 11 12 14 15 
12
1 2 3 4 5 6 8 10 11 12 13 14 
12
2 3 4 5 6 7 9 10 11 12 14 15 
13
1 2 3 4 6 7 8 9 10 11 12 14 15 
12
1 2 3 4 5 7 8 9 10 11 14 15 
13
2 3 4 5 6 7 8 9 10 11 12 13 14 
13
1 2 5 6 7 8 9 10 11 12 13 14 15 
12
1 2 3 5 6 7 8 9 12 13 14 15 
12
1 2 3 4 5 6 7 8 10 11 12 15 
12
1 3 4 5 6 9 10 11 12 13 14 15 
12
1 2 3 4 5 8 9 10 12 13 14 15 
12
1 2 4 5 6 7 8 9 11 12 14 15 
12
2 3 4 5 6 9 10 11 12 13 14 15 
12
1 2 3 4 7 8 9 10 11 12 14 15 
12
2 3 4 5 7 8 9 11 12 13 14 15 
12
1 2 3 4 5 6 7 10 11 12 13 14 
12
1 2 3 4 5 6 8 10 11 12 14 15 
12
1 2 3 4 5 6 7 8 9 11 12 14 
12
2 3 4 5 6 7 8 9 11 12 13 14 
12
1 2 3 4 5 6 7 9 10 12 14 15 
12
1 2 3 4 5 6 7 9 10 11 13 14 
12
1 2 3 5 7 8 9 11 12 13 14 15 
12
2 3 4 5 6 7 8 10 12 13 14 15 
12
1 2 3 4 7 8 9 11 12 13 14 15 
13
1 2 3 4 5 6 7 8 10 12 13 14 15 
13
3 4 5 6 7 8 9 10 11 12 13 14 15 
12
2 3 4 5 6 8 9 10 11 12 13 15 
12
1 3 4 5 7 8 9 10 11 12 14 15 
13
1 2 4 5 6 8 9 10 11 12 13 14 15 
12
1 2 3 4 5 6 7 9 11 12 13 14 
13
1 2 3 4 5 6 7 8 9 10 13 14 15 
12
1 3 4 5 6 8 9 10 11 12 13 15 
12
1 2 3 7 8 9 10 11 12 13 14 15 
14
1 3 4 5 6 7 8 9 10 11 12 13 14 15 
12
1 2 3 6 7 8 9 10 12 13 14 15 
13
1 2 3 4 5 6 7 9 10 11 12 13 14 
13
1 2 4 5 6 7 8 9 10 11 12 13 15 
12
1 2 3 4 5 8 9 10 12 13 14 15 
12
1 2 3 4 5 6 7 8 10 11 14 15 
12
1 2 3 4 6 7 8 9 10 12 13 14 
12
1 2 3 4 5 7 8 9 10 11 13 14 
12
1 2 4 5 6 7 8 9 11 13 14 15 
12
1 2 3 5 6 7 10 11 12 13 14 15 
12
2 4 5 6 7 8 9 10 11 13 14 15 
12
1 2 3 4 5 6 7 9 12 13 14 15 
12
1 2 3 4 5 6 7 9 11 13 14 15 
12
1 2 3 5 8 9 10 11 12 13 14 15 
12
1 2 3 5 6 7 8 9 10 11 14 15 
12
2 3 4 6 7 8 10 11 12 13 14 15 
12
1 2 3 4 7 8 9 11 12 13 14 15 
12
1 2 3 4 5 7 8 9 10 12 13 15 
12
1 2 3 4 6 7 9 10 11 12 13 14 
13
1 3 4 5 6 7 8 9 10 11 13 14 15 
12
2 3 4 5 6 8 10 11 12 13 14 15 
12
1 2 3 4 5 7 8 9 10 11 12 15 
12
1 2 3 4 5 6 8 10 12 13 14 15 
12
1 2 3 5 6 7 9 10 11 12 13 14 
12
1 2 3 5 6 7 8 9 10 12 14 15 
13
2 3 4 5 6 7 8 9 10 12 13 14 15 
12
1 3 4 5 6 7 9 10 11 12 13 15 
12
1 2 3 4 6 8 10 11 12 13 14 15 
12
1 2 3 4 5 6 7 8 9 11 12 14 
12
1 2 4 5 6 8 9 10 12 13 14 15 
13
1 3 4 5 6 7 8 9 10 11 12 13 14 
13
1 2 4 5 7 8 9 10 11 12 13 14 15 
13
1 2 3 4 5 8 9 10 11 12 13 14 15 
14
1 2 3 4 5 6 7 8 10 11 12 13 14 15 
12
1 2 4 5 6 7 8 9 10 11 13 15 
12
1 2 3 4 5 6 7 9 10 11 12 13 
12
1 2 3 4 5 8 9 11 12 13 14 15 
12
1 3 4 5 6 8 9 10 12 13 14 15 
12
1 2 3 4 5 6 7 8 9 10 13 15 
13
1 2 3 4 5 6 7 8 10 11 12 13 14 
12
2 3 4 5 7 8 9 10 12 13 14 15 
12
2 3 4 6 8 9 10 11 12 13 14 15 
12
1 2 3 4 6 7 8 10 11 12 14 15 
12
1 2 3 4 6 8 9 10 11 12 13 15 
12
1 2 4 5 6 7 9 10 11 12 13 14 
12
1 3 4 5 6 7 9 10 11 12 13 15 
12
1 2 3 4 5 7 8 10 12 13 14 15 
14
1 2 3 4 5 6 7 8 9 10 11 12 13 15 
12
3 5 6 7 8 9 10 11 12 13 14 15 
14
1 2 3 4 5 6 7 8 9 10 11 12 13 15 
12
1 2 3 4 5 8 9 11 12 13 14 15 
12
1 3 4 5 7 8 9 10 12 13 14 15 
12
1 2 3 4 5 6 7 8 9 10 13 15 
13
2 4 5 6 7 8 9 10 11 12 13 14 15 
12
1 2 3 4 5 7 8 9 10 11 12 13 
12
1 2 3 4 6 7 8 10 11 12 13 14 
12
2 4 5 6 7 8 9 10 11 12 14 15 
13
2 3 5 6 7 8 9 10 11 12 13 14 15 
12
2 3 5 6 7 8 9 10 11 12 14 15 
12
1 2 3 5 6 7 8 9 10 11 12 15 
12
1 2 4 5 6 8 9 10 11 13 14 15 
12
1 2 4 5 6 7 8 9 10 11 12 14 
12
1 4 5 6 7 8 10 11 12 13 14 15 
14
1 2 3 4 5 6 7 8 10 11 12 13 14 15 
12
1 2 3 4 5 7 8 9 12 13 14 15 
13
2 3 4 5 6 7 8 9 10 11 12 13 15 
12
3 4 5 6 7 9 10 11 12 13 14 15 
12
1 2 4 5 8 9 10 11 12 13 14 15 
12
2 3 4 5 8 9 10 11 12 13 14 15 
12
1 2 3 4 5 6 8 9 10 11 13 14 
12
1 3 4 6 7 8 9 10 11 13 14 15 
12
2 3 4 5 6 7 8 10 11 12 13 14 
12
1 2 3 4 5 7 8 9 10 11 12 14 
12
2 3 4 5 6 7 8 9 10 12 14 15 
12
1 2 3 4 5 6 7 8 9 10 12 14 
13
1 2 3 4 6 7 8 10 11 12 13 14 15 
12
1 2 3 4 5 7 8 9 10 11 13 15 
12
1 2 3 4 5 6 7 10 11 12 13 14 
12
1 2 3 4 6 9 10 11 12 13 14 15 
12
2 3 4 5 6 7 9 10 11 12 14 15 
12
1 2 3 4 5 6 8 9 12 13 14 15 
12
1 2 3 5 6 7 8 9 10 11 12 15 
13
1 2 3 4 5 7 8 9 10 12 13 14 15 
12
2 3 4 5 7 8 9 11 12 13 14 15 
12
1 2 3 4 6 7 8 9 12 13 14 15 
12
1 2 3 4 5 7 8 9 10 12 13 15 
13
1 2 3 4 5 6 7 8 9 10 11 13 14 
12
2 3 4 5 7 8 9 11 12 13 14 15 
12
1 3 4 5 6 8 9 10 11 12 14 15 
14
1 2 3 5 6 7 8 9 10 11 12 13 14 15 
12
1 3 4 5 6 7 8 10 11 12 13 15 
12
1 2 4 5 7 8 9 10 11 13 14 15 
12
1 2 3 4 6 7 8 9 10 12 13 15 
14
1 2 3 5 6 7 8 9 10 11 12 13 14 15 
12
1 3 5 6 7 8 9 10 11 12 14 15 
12
1 2 4 5 6 7 8 9 10 11 12 14 
13
1 2 3 4 5 7 8 9 11 12 13 14 15 
12
1 2 3 4 5 6 8 9 10 11 12 13 
13
1 2 3 4 7 8 9 10 11 12 13 14 15 
12
1 2 3 5 6 8 9 10 11 12 13 15 
12
1 2 3 4 6 7 9 10 11 12 13 15 
12
1 2 3 4 5 6 8 10 11 12 13 14 
12
1 2 3 4 5 6 7 8 11 12 13 15 
12
1 2 3 5 6 7 8 9 10 13 14 15 
12
1 3 4 5 6 8 9 10 11 13 14 15 
12
1 2 4 5 6 7 8 9 11 12 14 15 
12
1 2 3 4 5 6 8 10 11 12 13 14 
13
1 3 4 5 6 7 8 9 11 12 13 14 15 
12
1 3 4 6 7 8 10 11 12 13 14 15 
13
1 4 5 6 7 8 9 10 11 12 13 14 15 
13
1 2 3 5 6 7 8 9 10 11 13 14 15 
12
2 3 4 5 6 8 9 10 11 12 14 15 
12
1 2 3 4 6 7 8 9 10 11 12 13 
13
1 2 3 4 5 6 7 9 10 11 12 14 15 
12
1 3 4 5 6 7 9 10 12 13 14 15 
12
2 3 4 5 6 7 8 9 11 13 14 15 
12
1 2 3 4 5 6 7 9 10 12 13 15 
12
1 2 3 4 6 7 8 9 10 11 13 14 
12
1 2 4 5 6 8 9 10 11 12 13 15 
12
1 3 4 6 7 8 9 10 11 12 13 15 
12
1 2 4 5 6 7 8 9 10 13 14 15 
13
1 2 3 4 5 7 8 9 10 11 12 13 14 
12
1 3 4 6 7 8 9 10 11 12 14 15 
12
1 2 4 6 7 8 9 10 11 13 14 15 
12
1 2 3 5 6 7 9 10 11 12 14 15 
13
1 2 3 5 6 7 8 10 11 12 13 14 15 
12
2 3 4 5 6 7 8 9 11 12 14 15 
12
2 3 4 5 7 9 10 11 12 13 14 15 
12
1 2 3 4 6 7 8 10 11 13 14 15 
13
1 2 3 4 5 7 8 10 11 12 13 14 15 
12
1 3 4 6 7 8 9 10 11 12 14 15 
13
2 3 4 5 7 8 9 10 11 12 13 14 15 
12
1 2 3 5 6 8 9 11 12 13 14 15 
12
1 2 5 6 7 8 10 11 12 13 14 15 
12
2 3 4 5 6 7 8 9 10 11 14 15 
13
2 3 4 5 6 7 8 9 10 11 12 13 15 
14
1 2 3 4 5 6 7 8 9 11 12 13 14 15 
13
1 2 3 4 5 6 9 10 11 12 13 14 15 
12
1 2 3 5 6 7 8 9 10 11 12 13 
13
1 2 3 4 5 6 7 8 9 12 13 14 15 
12
1 2 3 4 5 6 8 9 11 12 14 15 
13
1 2 3 4 5 6 7 8 11 12 13 14 15 
12
1 2 3 5 6 7 8 9 10 11 13 14 
12
1 2 3 4 5 7 8 9 10 11 14 15 
12
1 3 4 6 7 8 9 10 11 12 13 15 
12
2 3 4 5 6 7 8 9 10 12 13 15 
12
1 2 3 4 5 8 9 10 12 13 14 15 
12
1 3 4 5 6 7 8 9 11 12 13 14 
12
1 2 3 4 5 7 8 9 10 11 12 13 
12
1 2 3 5 6 7 8 9 10 11 13 14 
12
1 3 4 6 7 8 9 10 11 12 13 15 
